90
0
3
7
0
2
0
0
90
0
3
7
0
-2
0
0
270
0
9
10
2
0
0
0
0
0
2
5
2
2
0
0
0
0
2
5
2
-2
0
0
0
0
2
7
4
-2
0
0
0
0
2
7
4
2
0
0
0
0
2
9
6
-2
0
0
0
0
2
9
6
2
0
0
0
0
2
5
6
-2
0
0
0
0
2
1
0
2
0
0
0
0
2
5
6
2
0
0
0
0
2
1
0
-2
0
0
0
0
2
-3
0
-2
0
0
0
0
2
-3
0
2
0
0
0
0
2
1
2
-2
0
0
0
0
2
3
4
-2
0
0
0
0
2
1
2
2
0
0
0
0
2
3
4
2
0
0
0
0
2
-7
0
-2
0
0
0
0
2
-7
0
2
0
0
0
0
2
-3
2
2
0
0
0
0
2
-3
2
-2
0
0
0
0
2
-7
2
-2
0
0
0
0
2
-7
2
2
0
0
0
0
1
-10
0
-2
0
0
0
0
1
-10
0
2
0
0
0
0
2
-11
2
-2
0
0
180
0
2
-11
2
2
0
0
0
0
2
-13
4
-2
0
0
0
0
2
-13
4
2
0
0
0
0
2
-15
6
-2
0
0
0
0
2
-15
6
2
0
0
90
0
1
-9
4
-3
0
0
